100
30 4546 11 0.088800
10 1020 6 0.043300
29 2064 11 0.051100
26 2419 8 0.118700
14 1617 8 0.072400
29 4659 12 0.141500
29 4245 10 0.115100
18 1551 8 0.105700
19 1923 9 0.046100
24 2296 10 0.068500
28 3416 10 0.128200
22 2736 15 0.115700
24 2615 9 0.093600
17 1414 5 0.104800
10 1083 13 0.090200
19 2326 8 0.030500
10 906 8 0.143500
12 1295 14 0.164700
30 2612 6 0.071000
21 1786 12 0.026200
30 3046 5 0.100000
10 1281 10 0.114000
13 1838 11 0.083800
17 1455 12 0.099100
27 2402 11 0.145000
28 3558 9 0.041900
23 2788 9 0.065300
20 2196 8 0.085900
27 2996 9 0.145200
17 2370 12 0.078900
23 2269 8 0.051900
20 2852 11 0.049100
15 2072 11 0.096200
18 2448 12 0.128200
29 2379 11 0.037900
15 2016 10 0.081400
10 1106 10 0.075800
26 3256 12 0.114500
26 2952 6 0.102900
18 1970 7 0.110300
27 3315 9 0.171600
24 3762 13 0.034300
30 4135 7 0.126300
29 3943 12 0.127300
29 3084 8 0.087200
23 2600 7 0.045600
26 3563 9 0.120000
23 2106 10 0.165600
27 2949 10 0.115400
28 3798 14 0.052600
24 1677 10 0.126700
11 1575 12 0.112500
16 2317 7 0.050200
16 1542 9 0.063100
27 2917 12 0.104300
22 2234 6 0.028800
10 1129 7 0.127000
16 2012 14 0.139900
20 1704 9 0.074300
17 1885 11 0.140500
12 1579 11 0.080600
23 3310 12 0.040500
23 2984 7 0.103100
25 1806 6 0.086200
30 4387 9 0.095400
12 1460 14 0.155800
12 1107 8 0.064900
26 3781 10 0.140200
19 2491 11 0.088800
23 2342 8 0.107900
28 2472 10 0.062200
12 1016 8 0.113900
12 1457 8 0.089900
21 2553 11 0.145900
21 2179 6 0.131700
23 2307 8 0.023300
10 1184 11 0.162300
16 2059 9 0.135500
18 2390 10 0.064400
20 2320 10 0.082600
15 1657 8 0.195500
30 2995 10 0.118300
30 3412 7 0.113200
28 3139 10 0.183300
23 2374 9 0.093200
18 2659 12 0.181500
18 1265 13 0.067400
16 1379 8 0.091600
28 2175 12 0.076100
22 2334 14 0.087400
15 1625 10 0.034100
14 1580 10 0.166900
25 2885 8 0.149200
11 1162 11 0.112900
28 3407 10 0.097700
15 2326 10 0.125700
16 1776 10 0.050500
22 2182 13 0.072900
15 1511 9 0.078500
28 3042 13 0.041900
