22 850.0 60.0 0.10700000
25 698.0 98.0 0.03450000
30 988.0 64.0 0.13060000
17 680.0 80.0 0.12000000
14 710.0 59.0 0.12460000
27 1227.0 83.0 0.08800000
27 1004.0 116.0 0.10690000
30 1205.0 105.0 0.10840000
10 398.0 108.0 0.10520000
24 914.0 82.0 0.12570000
23 919.0 50.0 0.04090000
13 673.0 87.0 0.09260000
14 423.0 87.0 0.09760000
17 975.0 56.0 0.14050000
10 279.0 59.0 0.13260000
28 1155.0 107.0 0.07900000
24 675.0 113.0 0.13310000
23 841.0 76.0 0.12790000
17 426.0 99.0 0.12750000
21 739.0 75.0 0.10930000
